56, 0.9997643828392029, 56, 0.9997643828392029
56, 0.9997121691703796, 56, 0.9997121691703796
56, 0.9999997615814209, 56, 0.9999997615814209
56, 0.9998937845230103, 56, 0.9998937845230103
56, 0.9999915361404419, 56, 0.9999915361404419
56, 0.9999998807907104, 56, 0.9999998807907104
56, 0.4282987713813782, 4, 0.4606069028377533
56, 0.10318935662508011, 15, 0.4334774911403656
56, 0.9485352039337158, 56, 0.9485352039337158
56, 0.9999287128448486, 56, 0.9999287128448486
56, 1.0, 56, 1.0
56, 1.0, 56, 1.0
56, 0.9984682202339172, 56, 0.9984682202339172
56, 0.9967424273490906, 56, 0.9967424273490906
56, 0.9638722538948059, 56, 0.9638722538948059
56, 0.9999902248382568, 56, 0.9999902248382568
56, 0.9999988079071045, 56, 0.9999988079071045
56, 0.9999828338623047, 56, 0.9999828338623047
56, 0.9999972581863403, 56, 0.9999972581863403
56, 0.999987006187439, 56, 0.999987006187439
56, 0.9999988079071045, 56, 0.9999988079071045
56, 0.9999982118606567, 56, 0.9999982118606567
56, 0.999998927116394, 56, 0.999998927116394
56, 0.999890923500061, 56, 0.999890923500061
56, 0.9279618263244629, 56, 0.9279618263244629
56, 1.0, 56, 1.0
56, 0.9999983310699463, 56, 0.9999983310699463
56, 0.9999984502792358, 56, 0.9999984502792358
56, 0.9999997615814209, 56, 0.9999997615814209
56, 1.0, 56, 1.0
56, 1.0, 56, 1.0
56, 1.0, 56, 1.0
56, 1.0, 56, 1.0
56, 0.9999985694885254, 56, 0.9999985694885254
56, 1.0, 56, 1.0
56, 0.9999997615814209, 56, 0.9999997615814209
56, 0.9999547004699707, 56, 0.9999547004699707
56, 0.9999998807907104, 56, 0.9999998807907104
56, 0.9999649524688721, 56, 0.9999649524688721
56, 0.9999983310699463, 56, 0.9999983310699463
56, 0.9999972581863403, 56, 0.9999972581863403
56, 0.9999773502349854, 56, 0.9999773502349854
56, 0.9999924898147583, 56, 0.9999924898147583
56, 1.0, 56, 1.0
56, 0.9999914169311523, 56, 0.9999914169311523
56, 0.9999995231628418, 56, 0.9999995231628418
56, 1.0, 56, 1.0
56, 1.0, 56, 1.0
56, 0.9999890327453613, 56, 0.9999890327453613
56, 0.9753093123435974, 56, 0.9753093123435974
56, 0.9999996423721313, 56, 0.9999996423721313
56, 0.72585129737854, 56, 0.72585129737854
56, 0.9999996423721313, 56, 0.9999996423721313
56, 0.9999998807907104, 56, 0.9999998807907104
56, 0.9999990463256836, 56, 0.9999990463256836
56, 0.9999992847442627, 56, 0.9999992847442627
56, 0.9999996423721313, 56, 0.9999996423721313
56, 0.9999998807907104, 56, 0.9999998807907104
56, 0.9999202489852905, 56, 0.9999202489852905
56, 0.3597533702850342, 39, 0.5034690499305725
56, 0.9998780488967896, 56, 0.9998780488967896
56, 0.9999991655349731, 56, 0.9999991655349731
56, 0.9963208436965942, 56, 0.9963208436965942
56, 0.7756484746932983, 56, 0.7756484746932983
56, 0.9999614953994751, 56, 0.9999614953994751
56, 0.9999885559082031, 56, 0.9999885559082031
56, 0.9999997615814209, 56, 0.9999997615814209
56, 0.999134361743927, 56, 0.999134361743927
56, 1.0, 56, 1.0
56, 0.9999957084655762, 56, 0.9999957084655762
56, 0.999998927116394, 56, 0.999998927116394
56, 0.9999998807907104, 56, 0.9999998807907104
56, 0.9999960660934448, 56, 0.9999960660934448
56, 0.9999991655349731, 56, 0.9999991655349731
56, 0.9999426603317261, 56, 0.9999426603317261
56, 1.0, 56, 1.0
56, 0.9999908208847046, 56, 0.9999908208847046
56, 0.9999991655349731, 56, 0.9999991655349731
56, 0.9970037341117859, 56, 0.9970037341117859
56, 0.012269293889403343, 4, 0.5538592338562012
56, 0.9899632334709167, 56, 0.9899632334709167
56, 0.8646098375320435, 56, 0.8646098375320435
56, 0.9999988079071045, 56, 0.9999988079071045
56, 0.9999998807907104, 56, 0.9999998807907104
56, 0.9999933242797852, 56, 0.9999933242797852
56, 0.9983857870101929, 56, 0.9983857870101929
56, 0.9999929666519165, 56, 0.9999929666519165
56, 0.9999998807907104, 56, 0.9999998807907104
56, 0.9999982118606567, 56, 0.9999982118606567
56, 0.9999986886978149, 56, 0.9999986886978149
56, 0.999016284942627, 56, 0.999016284942627
56, 0.9590427875518799, 56, 0.9590427875518799
56, 0.9999923706054688, 56, 0.9999923706054688
56, 0.9994426369667053, 56, 0.9994426369667053
56, 0.999370276927948, 56, 0.999370276927948
56, 0.9908913969993591, 56, 0.9908913969993591
56, 0.9988532066345215, 56, 0.9988532066345215
56, 0.9994742274284363, 56, 0.9994742274284363
56, 0.9999629259109497, 56, 0.9999629259109497
56, 0.7892023921012878, 56, 0.7892023921012878
56, 0.999993085861206, 56, 0.999993085861206
56, 0.9998031258583069, 56, 0.9998031258583069
56, 0.999592125415802, 56, 0.999592125415802
56, 0.9999901056289673, 56, 0.9999901056289673
56, 0.9993065595626831, 56, 0.9993065595626831
56, 0.9996966123580933, 56, 0.9996966123580933
56, 0.9992684721946716, 56, 0.9992684721946716
56, 0.9995357990264893, 56, 0.9995357990264893
56, 0.9999988079071045, 56, 0.9999988079071045
56, 0.999414324760437, 56, 0.999414324760437
56, 0.9321814775466919, 56, 0.9321814775466919
56, 0.9965941309928894, 56, 0.9965941309928894
56, 0.9999995231628418, 56, 0.9999995231628418
56, 0.9224812388420105, 56, 0.9224812388420105
57, 0.11579246073961258, 13, 0.31769418716430664
57, 0.8742905259132385, 57, 0.8742905259132385
57, 0.9989551305770874, 57, 0.9989551305770874
57, 0.9983963370323181, 57, 0.9983963370323181
57, 2.171788992200163e-06, 63, 0.684725821018219
57, 3.455628814208467e-07, 63, 0.590422511100769
57, 1.6953024896793067e-05, 89, 0.7962067127227783
57, 7.022496788522403e-07, 61, 0.43075424432754517
57, 0.038786664605140686, 3, 0.42361152172088623
57, 0.9904941916465759, 57, 0.9904941916465759
57, 0.9992786049842834, 57, 0.9992786049842834
57, 0.9877327680587769, 57, 0.9877327680587769
57, 0.9731585383415222, 57, 0.9731585383415222
57, 0.9118243455886841, 57, 0.9118243455886841
57, 0.4709562659263611, 57, 0.4709562659263611
57, 0.9869301319122314, 57, 0.9869301319122314
57, 0.9105207920074463, 57, 0.9105207920074463
57, 0.042365677654743195, 16, 0.7064961194992065
57, 0.03135726600885391, 51, 0.9402933716773987
57, 0.8951600790023804, 57, 0.8951600790023804
57, 0.9858561754226685, 57, 0.9858561754226685
57, 0.9793689250946045, 57, 0.9793689250946045
57, 0.9884691834449768, 57, 0.9884691834449768
57, 0.03723951056599617, 100, 0.39445760846138
57, 0.9399976134300232, 57, 0.9399976134300232
57, 0.9530342221260071, 57, 0.9530342221260071
57, 0.03321490436792374, 12, 0.5317966938018799
57, 0.711607813835144, 57, 0.711607813835144
57, 0.999958872795105, 57, 0.999958872795105
57, 0.9986263513565063, 57, 0.9986263513565063
57, 0.9948269724845886, 57, 0.9948269724845886
57, 0.9984692931175232, 57, 0.9984692931175232
57, 0.5324608087539673, 57, 0.5324608087539673
57, 0.9971053004264832, 57, 0.9971053004264832
57, 0.9999339580535889, 57, 0.9999339580535889
57, 0.616439163684845, 57, 0.616439163684845
57, 0.9940849542617798, 57, 0.9940849542617798
57, 0.7997539639472961, 57, 0.7997539639472961
57, 0.0076315924525260925, 12, 0.665917158126831
57, 0.16370338201522827, 5, 0.834749162197113
57, 0.6705711483955383, 57, 0.6705711483955383
57, 0.9936959147453308, 57, 0.9936959147453308
57, 0.9398162364959717, 57, 0.9398162364959717
57, 0.3419269323348999, 57, 0.3419269323348999
57, 0.12902496755123138, 82, 0.6816885471343994
57, 0.141309916973114, 82, 0.38725900650024414
57, 0.9005240201950073, 57, 0.9005240201950073
57, 0.0898488312959671, 17, 0.5139245986938477
57, 0.9977061748504639, 57, 0.9977061748504639
57, 0.9847317934036255, 57, 0.9847317934036255
57, 0.9792587757110596, 57, 0.9792587757110596
57, 0.9993181228637695, 57, 0.9993181228637695
57, 0.9841402769088745, 57, 0.9841402769088745
57, 0.9992703795433044, 57, 0.9992703795433044
57, 0.9967629909515381, 57, 0.9967629909515381
57, 0.0359036885201931, 100, 0.6884481310844421
57, 0.990486204624176, 57, 0.990486204624176
57, 0.2495126873254776, 100, 0.5340625047683716
57, 0.9824851751327515, 57, 0.9824851751327515
57, 0.9979586601257324, 57, 0.9979586601257324
57, 0.8264105319976807, 57, 0.8264105319976807
57, 0.38017353415489197, 57, 0.38017353415489197
57, 0.9976039528846741, 57, 0.9976039528846741
57, 0.0015784307615831494, 71, 0.4708099365234375
57, 0.7766497731208801, 57, 0.7766497731208801
57, 0.34100815653800964, 57, 0.34100815653800964
57, 0.9103294014930725, 57, 0.9103294014930725
57, 0.816421389579773, 57, 0.816421389579773
57, 0.9729946255683899, 57, 0.9729946255683899
57, 0.9952688813209534, 57, 0.9952688813209534
57, 0.9999549388885498, 57, 0.9999549388885498
57, 0.9995299577713013, 57, 0.9995299577713013
57, 0.6004939675331116, 57, 0.6004939675331116
57, 0.9967350363731384, 57, 0.9967350363731384
57, 0.8241366744041443, 57, 0.8241366744041443
57, 0.8597018718719482, 57, 0.8597018718719482
57, 0.10822529345750809, 100, 0.3406483232975006
57, 0.019463026896119118, 100, 0.5587409138679504
57, 0.0024156079161912203, 51, 0.6952288746833801
57, 0.22593924403190613, 51, 0.3583298921585083
57, 0.9338403940200806, 57, 0.9338403940200806
57, 0.9910724759101868, 57, 0.9910724759101868
57, 0.5505315065383911, 57, 0.5505315065383911
57, 0.9974122643470764, 57, 0.9974122643470764
57, 0.7330029606819153, 57, 0.7330029606819153
57, 0.9724111557006836, 57, 0.9724111557006836
57, 0.16815929114818573, 33, 0.6029552221298218
57, 0.9974127411842346, 57, 0.9974127411842346
57, 0.9987779259681702, 57, 0.9987779259681702
57, 0.9468557834625244, 57, 0.9468557834625244
57, 0.9796355962753296, 57, 0.9796355962753296
57, 0.5649846792221069, 57, 0.5649846792221069
57, 0.9725348353385925, 57, 0.9725348353385925
57, 0.9998492002487183, 57, 0.9998492002487183
57, 0.9995427131652832, 57, 0.9995427131652832
57, 0.9999978542327881, 57, 0.9999978542327881
57, 0.9998224377632141, 57, 0.9998224377632141
57, 0.9999984502792358, 57, 0.9999984502792358
57, 0.9973118305206299, 57, 0.9973118305206299
57, 0.9999635219573975, 57, 0.9999635219573975
57, 0.002631313633173704, 29, 0.9851011037826538
57, 0.01726868748664856, 45, 0.9782299995422363
57, 0.008529135957360268, 100, 0.6895446181297302
57, 0.10519542545080185, 100, 0.36405134201049805
57, 0.00809186790138483, 29, 0.8060725331306458
57, 0.009337772615253925, 29, 0.5613908767700195
57, 0.9973662495613098, 57, 0.9973662495613098
57, 0.9985470175743103, 57, 0.9985470175743103
57, 0.058986421674489975, 33, 0.7767196297645569
57, 0.9775581359863281, 57, 0.9775581359863281
57, 0.9929292798042297, 57, 0.9929292798042297
58, 1.0, 58, 1.0
58, 0.9999998807907104, 58, 0.9999998807907104
58, 0.9999985694885254, 58, 0.9999985694885254
58, 1.0, 58, 1.0
58, 0.9999998807907104, 58, 0.9999998807907104
58, 1.0, 58, 1.0
58, 1.0, 58, 1.0
58, 0.03649987280368805, 82, 0.4008583426475525
58, 0.04892120137810707, 100, 0.5249162316322327
58, 1.655351979934494e-06, 82, 0.9978392720222473
58, 0.2883521616458893, 58, 0.2883521616458893
58, 0.003126699710264802, 100, 0.427797794342041
58, 0.0030324982944875956, 82, 0.8124710917472839
58, 0.0682915523648262, 82, 0.7697651386260986
58, 0.9999996423721313, 58, 0.9999996423721313
58, 0.9999333620071411, 58, 0.9999333620071411
58, 0.9999998807907104, 58, 0.9999998807907104
58, 1.0, 58, 1.0
58, 1.0, 58, 1.0
58, 1.0, 58, 1.0
58, 1.0, 58, 1.0
58, 1.0, 58, 1.0
58, 1.0, 58, 1.0
58, 0.9999998807907104, 58, 0.9999998807907104
58, 1.0, 58, 1.0
58, 1.0, 58, 1.0
58, 1.0, 58, 1.0
58, 1.0, 58, 1.0
58, 1.0, 58, 1.0
58, 1.0, 58, 1.0
58, 1.0, 58, 1.0
58, 1.0, 58, 1.0
58, 1.0, 58, 1.0
58, 1.0, 58, 1.0
58, 1.0, 58, 1.0
58, 1.0, 58, 1.0
58, 1.0, 58, 1.0
58, 1.0, 58, 1.0
58, 1.0, 58, 1.0
58, 1.0, 58, 1.0
58, 1.0, 58, 1.0
58, 1.0, 58, 1.0
58, 1.0, 58, 1.0
58, 0.9999986886978149, 58, 0.9999986886978149
58, 1.0, 58, 1.0
58, 1.0, 58, 1.0
58, 1.0, 58, 1.0
58, 1.0, 58, 1.0
58, 1.0, 58, 1.0
58, 1.0, 58, 1.0
58, 1.0, 58, 1.0
58, 1.0, 58, 1.0
58, 1.0, 58, 1.0
58, 1.0, 58, 1.0
58, 1.0, 58, 1.0
58, 1.0, 58, 1.0
58, 1.0, 58, 1.0
58, 0.9999443292617798, 58, 0.9999443292617798
58, 0.9999966621398926, 58, 0.9999966621398926
58, 1.0, 58, 1.0
58, 1.0, 58, 1.0
58, 1.0, 58, 1.0
58, 1.0, 58, 1.0
58, 1.0, 58, 1.0
58, 0.9999537467956543, 58, 0.9999537467956543
58, 0.9994865655899048, 58, 0.9994865655899048
58, 0.9999988079071045, 58, 0.9999988079071045
58, 1.0, 58, 1.0
58, 0.9999998807907104, 58, 0.9999998807907104
58, 0.9999998807907104, 58, 0.9999998807907104
58, 0.9999974966049194, 58, 0.9999974966049194
58, 0.9999998807907104, 58, 0.9999998807907104
58, 0.9861710667610168, 58, 0.9861710667610168
58, 1.0, 58, 1.0
58, 0.9999934434890747, 58, 0.9999934434890747
58, 1.0, 58, 1.0
58, 1.0, 58, 1.0
58, 1.0, 58, 1.0
58, 1.0, 58, 1.0
58, 1.0, 58, 1.0
58, 1.0, 58, 1.0
58, 1.0, 58, 1.0
58, 1.0, 58, 1.0
58, 1.0, 58, 1.0
58, 1.0, 58, 1.0
58, 0.9988970756530762, 58, 0.9988970756530762
58, 0.9999990463256836, 58, 0.9999990463256836
58, 0.9999868869781494, 58, 0.9999868869781494
58, 0.9971201419830322, 58, 0.9971201419830322
58, 1.0, 58, 1.0
58, 1.0, 58, 1.0
58, 1.0, 58, 1.0
58, 1.0, 58, 1.0
58, 1.0, 58, 1.0
58, 1.0, 58, 1.0
58, 1.0, 58, 1.0
58, 1.0, 58, 1.0
58, 0.9999960660934448, 58, 0.9999960660934448
58, 1.0, 58, 1.0
58, 1.0, 58, 1.0
58, 0.9999994039535522, 58, 0.9999994039535522
58, 1.0, 58, 1.0
58, 1.0, 58, 1.0
58, 1.0, 58, 1.0
58, 1.0, 58, 1.0
58, 1.0, 58, 1.0
58, 1.0, 58, 1.0
58, 1.0, 58, 1.0
58, 1.0, 58, 1.0
58, 1.0, 58, 1.0
58, 1.0, 58, 1.0
58, 1.0, 58, 1.0
58, 1.0, 58, 1.0
58, 1.0, 58, 1.0
58, 1.0, 58, 1.0
58, 1.0, 58, 1.0
58, 1.0, 58, 1.0
58, 1.0, 58, 1.0
58, 1.0, 58, 1.0
58, 1.0, 58, 1.0
58, 1.0, 58, 1.0
58, 1.0, 58, 1.0
58, 1.0, 58, 1.0
58, 1.0, 58, 1.0
58, 1.0, 58, 1.0
58, 1.0, 58, 1.0
58, 1.0, 58, 1.0
58, 1.0, 58, 1.0
58, 1.0, 58, 1.0
58, 0.9999991655349731, 58, 0.9999991655349731
58, 1.0, 58, 1.0
58, 0.9999798536300659, 58, 0.9999798536300659
58, 1.0, 58, 1.0
58, 0.9999995231628418, 58, 0.9999995231628418
58, 0.9999998807907104, 58, 0.9999998807907104
58, 0.9999997615814209, 58, 0.9999997615814209
58, 1.0, 58, 1.0
58, 1.0, 58, 1.0
58, 1.0, 58, 1.0
58, 1.0, 58, 1.0
58, 0.9999994039535522, 58, 0.9999994039535522
58, 0.9999998807907104, 58, 0.9999998807907104
58, 1.0, 58, 1.0
58, 0.9999998807907104, 58, 0.9999998807907104
58, 0.9999035596847534, 58, 0.9999035596847534
58, 0.9999995231628418, 58, 0.9999995231628418
58, 0.9999994039535522, 58, 0.9999994039535522
58, 0.9999995231628418, 58, 0.9999995231628418
58, 0.9999996423721313, 58, 0.9999996423721313
58, 0.9999721050262451, 58, 0.9999721050262451
58, 0.9999995231628418, 58, 0.9999995231628418
58, 0.9999998807907104, 58, 0.9999998807907104
58, 1.0, 58, 1.0
58, 1.0, 58, 1.0
58, 1.0, 58, 1.0
58, 0.9999995231628418, 58, 0.9999995231628418
58, 1.0, 58, 1.0
58, 0.9999998807907104, 58, 0.9999998807907104
58, 1.0, 58, 1.0
58, 0.9999948740005493, 58, 0.9999948740005493
58, 1.0, 58, 1.0
58, 0.9999991655349731, 58, 0.9999991655349731
58, 0.9999997615814209, 58, 0.9999997615814209
58, 0.9999953508377075, 58, 0.9999953508377075
59, 0.9971088767051697, 59, 0.9971088767051697
59, 0.8452951908111572, 59, 0.8452951908111572
59, 0.9996706247329712, 59, 0.9996706247329712
59, 0.9988096952438354, 59, 0.9988096952438354
59, 1.0, 59, 1.0
59, 0.9999998807907104, 59, 0.9999998807907104
59, 0.9999998807907104, 59, 0.9999998807907104
59, 1.0, 59, 1.0
59, 1.0, 59, 1.0
59, 1.0, 59, 1.0
59, 0.9999983310699463, 59, 0.9999983310699463
59, 0.9999915361404419, 59, 0.9999915361404419
59, 0.9999896287918091, 59, 0.9999896287918091
59, 0.9999936819076538, 59, 0.9999936819076538
59, 0.9992062449455261, 59, 0.9992062449455261
59, 0.04463580995798111, 77, 0.4439391791820526
59, 0.9978389143943787, 59, 0.9978389143943787
59, 0.9999971389770508, 59, 0.9999971389770508
59, 0.9998944997787476, 59, 0.9998944997787476
59, 0.9999823570251465, 59, 0.9999823570251465
59, 0.9986296892166138, 59, 0.9986296892166138
59, 0.9781789183616638, 59, 0.9781789183616638
59, 0.9983812570571899, 59, 0.9983812570571899
59, 0.4044896066188812, 59, 0.4044896066188812
59, 0.016278967261314392, 98, 0.962590754032135
59, 0.9995960593223572, 59, 0.9995960593223572
59, 0.9964918494224548, 59, 0.9964918494224548
59, 0.9973664879798889, 59, 0.9973664879798889
59, 0.9491738677024841, 59, 0.9491738677024841
59, 0.9999756813049316, 59, 0.9999756813049316
59, 0.987024188041687, 59, 0.987024188041687
59, 0.9989506006240845, 59, 0.9989506006240845
59, 0.9830105304718018, 59, 0.9830105304718018
59, 0.9998118281364441, 59, 0.9998118281364441
59, 0.999993085861206, 59, 0.999993085861206
59, 0.906571626663208, 59, 0.906571626663208
59, 0.9918882250785828, 59, 0.9918882250785828
59, 0.9999730587005615, 59, 0.9999730587005615
59, 0.9999964237213135, 59, 0.9999964237213135
59, 0.9984715580940247, 59, 0.9984715580940247
59, 0.9817187190055847, 59, 0.9817187190055847
59, 0.9998237490653992, 59, 0.9998237490653992
59, 0.9998979568481445, 59, 0.9998979568481445
59, 0.9998960494995117, 59, 0.9998960494995117
59, 0.999692440032959, 59, 0.999692440032959
59, 0.9977660179138184, 59, 0.9977660179138184
59, 0.9999916553497314, 59, 0.9999916553497314
59, 0.7301149964332581, 59, 0.7301149964332581
59, 0.9999727010726929, 59, 0.9999727010726929
59, 0.9999836683273315, 59, 0.9999836683273315
59, 0.9999901056289673, 59, 0.9999901056289673
59, 0.9999096393585205, 59, 0.9999096393585205
59, 0.9998884201049805, 59, 0.9998884201049805
59, 0.9999985694885254, 59, 0.9999985694885254
59, 0.9995834231376648, 59, 0.9995834231376648
59, 0.9997139573097229, 59, 0.9997139573097229
59, 0.9999973773956299, 59, 0.9999973773956299
59, 0.9987892508506775, 59, 0.9987892508506775
59, 0.9883574843406677, 59, 0.9883574843406677
59, 0.9998828172683716, 59, 0.9998828172683716
59, 0.9912101030349731, 59, 0.9912101030349731
59, 0.9965977072715759, 59, 0.9965977072715759
59, 0.9997217059135437, 59, 0.9997217059135437
59, 0.9977594614028931, 59, 0.9977594614028931
59, 0.9999998807907104, 59, 0.9999998807907104
59, 0.9123548865318298, 59, 0.9123548865318298
59, 0.9999139308929443, 59, 0.9999139308929443
59, 0.9999995231628418, 59, 0.9999995231628418
59, 0.9995664954185486, 59, 0.9995664954185486
59, 0.9999719858169556, 59, 0.9999719858169556
59, 0.9999960660934448, 59, 0.9999960660934448
59, 0.9999997615814209, 59, 0.9999997615814209
59, 0.9989625215530396, 59, 0.9989625215530396
59, 0.9996533393859863, 59, 0.9996533393859863
59, 0.9997358918190002, 59, 0.9997358918190002
59, 0.9998461008071899, 59, 0.9998461008071899
59, 0.9965439438819885, 59, 0.9965439438819885
59, 0.9925893545150757, 59, 0.9925893545150757
59, 0.9975627660751343, 59, 0.9975627660751343
59, 0.9950717091560364, 59, 0.9950717091560364
59, 0.9998921155929565, 59, 0.9998921155929565
59, 0.9996052384376526, 59, 0.9996052384376526
59, 0.9328035116195679, 59, 0.9328035116195679
59, 0.9897046685218811, 59, 0.9897046685218811
59, 0.9997566342353821, 59, 0.9997566342353821
59, 0.998823344707489, 59, 0.998823344707489
59, 0.6070931553840637, 59, 0.6070931553840637
59, 0.9972203969955444, 59, 0.9972203969955444
59, 0.9999077320098877, 59, 0.9999077320098877
59, 0.9956176280975342, 59, 0.9956176280975342
59, 0.9991825222969055, 59, 0.9991825222969055
59, 0.9999063014984131, 59, 0.9999063014984131
59, 0.9861738681793213, 59, 0.9861738681793213
59, 0.9993271827697754, 59, 0.9993271827697754
59, 0.9981709718704224, 59, 0.9981709718704224
59, 0.4560627341270447, 0, 0.5404422879219055
59, 0.995334804058075, 59, 0.995334804058075
59, 0.9999839067459106, 59, 0.9999839067459106
59, 0.9999104738235474, 59, 0.9999104738235474
59, 0.9997648596763611, 59, 0.9997648596763611
59, 0.9999949932098389, 59, 0.9999949932098389
59, 0.9999749660491943, 59, 0.9999749660491943
59, 0.9998171925544739, 59, 0.9998171925544739
59, 0.9999873638153076, 59, 0.9999873638153076
59, 0.9999997615814209, 59, 0.9999997615814209
59, 0.9996440410614014, 59, 0.9996440410614014
59, 0.9998676776885986, 59, 0.9998676776885986
59, 0.9999328851699829, 59, 0.9999328851699829
59, 0.9999405145645142, 59, 0.9999405145645142
59, 0.9999349117279053, 59, 0.9999349117279053
59, 0.9993113279342651, 59, 0.9993113279342651
59, 0.9999994039535522, 59, 0.9999994039535522
59, 0.9999626874923706, 59, 0.9999626874923706
59, 0.9999451637268066, 59, 0.9999451637268066
59, 0.9999783039093018, 59, 0.9999783039093018
59, 0.9999725818634033, 59, 0.9999725818634033
59, 0.9999567270278931, 59, 0.9999567270278931
59, 0.9999991655349731, 59, 0.9999991655349731
59, 0.9983919262886047, 59, 0.9983919262886047
59, 0.8491783738136292, 59, 0.8491783738136292
59, 1.0, 59, 1.0
59, 0.999992847442627, 59, 0.999992847442627
59, 0.9999905824661255, 59, 0.9999905824661255
59, 0.997241735458374, 59, 0.997241735458374
59, 0.9999991655349731, 59, 0.9999991655349731
59, 0.9999970197677612, 59, 0.9999970197677612
59, 0.9712773561477661, 59, 0.9712773561477661
59, 0.9999812841415405, 59, 0.9999812841415405
59, 0.9999996423721313, 59, 0.9999996423721313
59, 0.9999998807907104, 59, 0.9999998807907104
59, 0.9877424240112305, 59, 0.9877424240112305
59, 0.9999990463256836, 59, 0.9999990463256836
59, 0.9999891519546509, 59, 0.9999891519546509
59, 0.5416073203086853, 59, 0.5416073203086853
59, 0.9999809265136719, 59, 0.9999809265136719
59, 0.9996881484985352, 59, 0.9996881484985352
59, 0.9994978904724121, 59, 0.9994978904724121
59, 0.9998169541358948, 59, 0.9998169541358948
59, 0.9999755620956421, 59, 0.9999755620956421
59, 0.9995773434638977, 59, 0.9995773434638977
59, 0.08288462460041046, 62, 0.21752594411373138
59, 0.032830312848091125, 99, 0.29701000452041626
59, 0.021184682846069336, 99, 0.43728554248809814
59, 0.5206464529037476, 59, 0.5206464529037476
59, 0.9270343780517578, 59, 0.9270343780517578
59, 0.8654129505157471, 59, 0.8654129505157471
59, 0.9037863612174988, 59, 0.9037863612174988
59, 0.9899006485939026, 59, 0.9899006485939026
59, 0.6654819846153259, 59, 0.6654819846153259
59, 0.6693679690361023, 59, 0.6693679690361023
59, 0.8741526007652283, 59, 0.8741526007652283
60, 1.0, 60, 1.0
60, 0.9999936819076538, 60, 0.9999936819076538
60, 0.9999902248382568, 60, 0.9999902248382568
60, 0.9988798499107361, 60, 0.9988798499107361
60, 0.999993085861206, 60, 0.999993085861206
60, 0.9999629259109497, 60, 0.9999629259109497
60, 0.9986003041267395, 60, 0.9986003041267395
60, 0.9939445853233337, 60, 0.9939445853233337
60, 0.991591215133667, 60, 0.991591215133667
60, 0.9929665327072144, 60, 0.9929665327072144
60, 0.999987006187439, 60, 0.999987006187439
60, 0.9994924068450928, 60, 0.9994924068450928
60, 0.9971478581428528, 60, 0.9971478581428528
60, 0.9989827275276184, 60, 0.9989827275276184
60, 0.9998786449432373, 60, 0.9998786449432373
60, 0.9999982118606567, 60, 0.9999982118606567
60, 0.9999839067459106, 60, 0.9999839067459106
60, 0.9999998807907104, 60, 0.9999998807907104
60, 0.9999858140945435, 60, 0.9999858140945435
60, 0.9999252557754517, 60, 0.9999252557754517
60, 0.9996193647384644, 60, 0.9996193647384644
60, 0.9997742772102356, 60, 0.9997742772102356
60, 0.9998712539672852, 60, 0.9998712539672852
60, 0.9993343949317932, 60, 0.9993343949317932
60, 0.9998175501823425, 60, 0.9998175501823425
60, 0.9942743182182312, 60, 0.9942743182182312
60, 0.9998193383216858, 60, 0.9998193383216858
60, 0.9998916387557983, 60, 0.9998916387557983
60, 0.917772650718689, 60, 0.917772650718689
60, 0.9989736080169678, 60, 0.9989736080169678
60, 0.9994811415672302, 60, 0.9994811415672302
60, 0.9998958110809326, 60, 0.9998958110809326
60, 0.9988418221473694, 60, 0.9988418221473694
60, 0.9999909400939941, 60, 0.9999909400939941
60, 0.9999922513961792, 60, 0.9999922513961792
60, 0.9999586343765259, 60, 0.9999586343765259
60, 0.999995231628418, 60, 0.999995231628418
60, 0.9755814075469971, 60, 0.9755814075469971
60, 0.9504827260971069, 60, 0.9504827260971069
60, 0.9999922513961792, 60, 0.9999922513961792
60, 0.9998339414596558, 60, 0.9998339414596558
60, 0.9996011853218079, 60, 0.9996011853218079
60, 0.9999815225601196, 60, 0.9999815225601196
60, 1.0, 60, 1.0
60, 0.9999998807907104, 60, 0.9999998807907104
60, 1.0, 60, 1.0
60, 1.0, 60, 1.0
60, 1.0, 60, 1.0
60, 0.9999995231628418, 60, 0.9999995231628418
60, 1.0, 60, 1.0
60, 1.0, 60, 1.0
60, 1.0, 60, 1.0
60, 1.0, 60, 1.0
60, 1.0, 60, 1.0
60, 1.0, 60, 1.0
60, 1.0, 60, 1.0
60, 0.9998445510864258, 60, 0.9998445510864258
60, 0.9985783100128174, 60, 0.9985783100128174
60, 0.9999649524688721, 60, 0.9999649524688721
60, 0.9999213218688965, 60, 0.9999213218688965
60, 0.9996762275695801, 60, 0.9996762275695801
60, 0.9994240999221802, 60, 0.9994240999221802
60, 0.9965655207633972, 60, 0.9965655207633972
60, 0.9999473094940186, 60, 0.9999473094940186
60, 0.9999982118606567, 60, 0.9999982118606567
60, 0.999758780002594, 60, 0.999758780002594
60, 0.999944806098938, 60, 0.999944806098938
60, 0.9999409914016724, 60, 0.9999409914016724
60, 0.9990480542182922, 60, 0.9990480542182922
60, 0.9961836934089661, 60, 0.9961836934089661
60, 0.9999721050262451, 60, 0.9999721050262451
60, 0.999915599822998, 60, 0.999915599822998
60, 0.9999850988388062, 60, 0.9999850988388062
60, 0.9999877214431763, 60, 0.9999877214431763
60, 0.9999995231628418, 60, 0.9999995231628418
60, 0.9834470748901367, 60, 0.9834470748901367
60, 0.999424934387207, 60, 0.999424934387207
60, 1.0, 60, 1.0
60, 0.9999960660934448, 60, 0.9999960660934448
60, 0.9999984502792358, 60, 0.9999984502792358
60, 0.9999994039535522, 60, 0.9999994039535522
60, 0.9921154379844666, 60, 0.9921154379844666
60, 0.9995062351226807, 60, 0.9995062351226807
60, 0.9817839860916138, 60, 0.9817839860916138
60, 0.9999843835830688, 60, 0.9999843835830688
60, 0.9995166063308716, 60, 0.9995166063308716
60, 0.9986336827278137, 60, 0.9986336827278137
60, 0.9999942779541016, 60, 0.9999942779541016
60, 0.9999833106994629, 60, 0.9999833106994629
60, 0.9999349117279053, 60, 0.9999349117279053
60, 0.9999979734420776, 60, 0.9999979734420776
60, 1.0, 60, 1.0
60, 1.0, 60, 1.0
60, 0.9999892711639404, 60, 0.9999892711639404
60, 0.9999904632568359, 60, 0.9999904632568359
60, 0.9999995231628418, 60, 0.9999995231628418
60, 0.9999998807907104, 60, 0.9999998807907104
60, 0.9999866485595703, 60, 0.9999866485595703
60, 1.0, 60, 1.0
60, 0.9999980926513672, 60, 0.9999980926513672
60, 1.0, 60, 1.0
60, 0.9989646673202515, 60, 0.9989646673202515
60, 0.9998213648796082, 60, 0.9998213648796082
60, 0.999707043170929, 60, 0.999707043170929
60, 0.9999116659164429, 60, 0.9999116659164429
60, 0.9992334842681885, 60, 0.9992334842681885
60, 0.9997405409812927, 60, 0.9997405409812927
60, 0.9480646848678589, 60, 0.9480646848678589
60, 0.9999911785125732, 60, 0.9999911785125732
60, 0.9995124340057373, 60, 0.9995124340057373
60, 0.9966860413551331, 60, 0.9966860413551331
60, 0.9997894167900085, 60, 0.9997894167900085
60, 0.9997661709785461, 60, 0.9997661709785461
60, 0.9999866485595703, 60, 0.9999866485595703
60, 0.9999998807907104, 60, 0.9999998807907104
60, 0.9999995231628418, 60, 0.9999995231628418
60, 0.9999997615814209, 60, 0.9999997615814209
60, 1.0, 60, 1.0
60, 1.0, 60, 1.0
60, 0.9999986886978149, 60, 0.9999986886978149
60, 0.9999998807907104, 60, 0.9999998807907104
60, 0.9999998807907104, 60, 0.9999998807907104
60, 0.9133477807044983, 60, 0.9133477807044983
60, 0.9971850514411926, 60, 0.9971850514411926
60, 0.999413251876831, 60, 0.999413251876831
60, 0.796226441860199, 60, 0.796226441860199
60, 0.9999971389770508, 60, 0.9999971389770508
60, 0.9999920129776001, 60, 0.9999920129776001
60, 0.9999687671661377, 60, 0.9999687671661377
60, 0.9999995231628418, 60, 0.9999995231628418
60, 0.9998912811279297, 60, 0.9998912811279297
60, 1.0, 60, 1.0
60, 1.0, 60, 1.0
60, 1.0, 60, 1.0
60, 1.0, 60, 1.0
60, 1.0, 60, 1.0
60, 1.0, 60, 1.0
60, 0.9999998807907104, 60, 0.9999998807907104
60, 0.9999934434890747, 60, 0.9999934434890747
60, 0.9999909400939941, 60, 0.9999909400939941
60, 0.9997768998146057, 60, 0.9997768998146057
60, 0.9999988079071045, 60, 0.9999988079071045
60, 0.9999963045120239, 60, 0.9999963045120239
60, 1.0, 60, 1.0
60, 0.9999997615814209, 60, 0.9999997615814209
60, 0.990776777267456, 60, 0.990776777267456
60, 0.9984604120254517, 60, 0.9984604120254517
60, 0.9999934434890747, 60, 0.9999934434890747
60, 0.999479353427887, 60, 0.999479353427887
60, 0.9999774694442749, 60, 0.9999774694442749
60, 0.999983549118042, 60, 0.999983549118042
60, 0.9979975819587708, 60, 0.9979975819587708
60, 0.9492385387420654, 60, 0.9492385387420654
60, 0.9999910593032837, 60, 0.9999910593032837
60, 0.9385676383972168, 60, 0.9385676383972168
60, 0.9999631643295288, 60, 0.9999631643295288
60, 0.9999769926071167, 60, 0.9999769926071167
60, 0.9999995231628418, 60, 0.9999995231628418
60, 0.9999998807907104, 60, 0.9999998807907104
60, 0.9999275207519531, 60, 0.9999275207519531
60, 0.9999890327453613, 60, 0.9999890327453613
60, 1.0, 60, 1.0
60, 0.9999998807907104, 60, 0.9999998807907104
60, 0.9995019435882568, 60, 0.9995019435882568
61, 0.999992847442627, 61, 0.999992847442627
61, 1.0, 61, 1.0
61, 1.0, 61, 1.0
61, 1.0, 61, 1.0
61, 1.0, 61, 1.0
61, 1.0, 61, 1.0
61, 0.9999982118606567, 61, 0.9999982118606567
61, 0.9377100467681885, 61, 0.9377100467681885
61, 0.8950150012969971, 61, 0.8950150012969971
61, 0.8824289441108704, 61, 0.8824289441108704
61, 0.81761634349823, 61, 0.81761634349823
61, 0.9867373108863831, 61, 0.9867373108863831
61, 0.5445482730865479, 61, 0.5445482730865479
61, 0.7400063276290894, 61, 0.7400063276290894
61, 1.0, 61, 1.0
61, 1.0, 61, 1.0
61, 0.9999997615814209, 61, 0.9999997615814209
61, 1.0, 61, 1.0
61, 1.0, 61, 1.0
61, 1.0, 61, 1.0
61, 1.0, 61, 1.0
61, 0.9930258989334106, 61, 0.9930258989334106
61, 0.9909114241600037, 61, 0.9909114241600037
61, 0.9916571378707886, 61, 0.9916571378707886
61, 0.9995083808898926, 61, 0.9995083808898926
61, 0.9999996423721313, 61, 0.9999996423721313
61, 0.999996542930603, 61, 0.999996542930603
61, 0.9988757967948914, 61, 0.9988757967948914
61, 0.9999548196792603, 61, 0.9999548196792603
61, 0.999974250793457, 61, 0.999974250793457
61, 0.9999511241912842, 61, 0.9999511241912842
61, 0.9998438358306885, 61, 0.9998438358306885
61, 0.9997609257698059, 61, 0.9997609257698059
61, 0.9999992847442627, 61, 0.9999992847442627
61, 0.9999667406082153, 61, 0.9999667406082153
61, 0.9999978542327881, 61, 0.9999978542327881
61, 0.9999827146530151, 61, 0.9999827146530151
61, 0.962936520576477, 61, 0.962936520576477
61, 0.9999992847442627, 61, 0.9999992847442627
61, 0.9998262524604797, 61, 0.9998262524604797
61, 0.9999984502792358, 61, 0.9999984502792358
61, 0.9999998807907104, 61, 0.9999998807907104
61, 1.0, 61, 1.0
61, 0.9959239959716797, 61, 0.9959239959716797
61, 0.9999990463256836, 61, 0.9999990463256836
61, 0.9999964237213135, 61, 0.9999964237213135
61, 0.9999992847442627, 61, 0.9999992847442627
61, 0.999997615814209, 61, 0.999997615814209
61, 0.9999688863754272, 61, 0.9999688863754272
61, 0.9995216131210327, 61, 0.9995216131210327
61, 0.999291181564331, 61, 0.999291181564331
61, 0.9998970031738281, 61, 0.9998970031738281
61, 0.9988464117050171, 61, 0.9988464117050171
61, 0.9986068606376648, 61, 0.9986068606376648
61, 0.9926027655601501, 61, 0.9926027655601501
61, 0.9999997615814209, 61, 0.9999997615814209
61, 1.0, 61, 1.0
61, 0.9999996423721313, 61, 0.9999996423721313
61, 0.9999959468841553, 61, 0.9999959468841553
61, 0.9999978542327881, 61, 0.9999978542327881
61, 0.9999995231628418, 61, 0.9999995231628418
61, 1.0, 61, 1.0
61, 0.9999954700469971, 61, 0.9999954700469971
61, 0.9992625117301941, 61, 0.9992625117301941
61, 0.9998325109481812, 61, 0.9998325109481812
61, 0.9999998807907104, 61, 0.9999998807907104
61, 0.9999982118606567, 61, 0.9999982118606567
61, 0.9999687671661377, 61, 0.9999687671661377
61, 0.9999998807907104, 61, 0.9999998807907104
61, 0.9999927282333374, 61, 0.9999927282333374
61, 0.999966025352478, 61, 0.999966025352478
61, 1.0, 61, 1.0
61, 0.9999847412109375, 61, 0.9999847412109375
61, 0.9999995231628418, 61, 0.9999995231628418
61, 0.9999991655349731, 61, 0.9999991655349731
61, 0.9999889135360718, 61, 0.9999889135360718
61, 0.9999831914901733, 61, 0.9999831914901733
61, 0.9998216032981873, 61, 0.9998216032981873
61, 0.9999891519546509, 61, 0.9999891519546509
61, 0.9999914169311523, 61, 0.9999914169311523
61, 0.9999978542327881, 61, 0.9999978542327881
61, 0.9996681213378906, 61, 0.9996681213378906
61, 0.9999998807907104, 61, 0.9999998807907104
61, 0.999998927116394, 61, 0.999998927116394
61, 1.0, 61, 1.0
61, 0.9999998807907104, 61, 0.9999998807907104
61, 0.9999991655349731, 61, 0.9999991655349731
61, 0.9999998807907104, 61, 0.9999998807907104
61, 1.0, 61, 1.0
61, 0.9999994039535522, 61, 0.9999994039535522
61, 1.0, 61, 1.0
61, 1.0, 61, 1.0
61, 1.0, 61, 1.0
61, 1.0, 61, 1.0
61, 1.0, 61, 1.0
61, 1.0, 61, 1.0
61, 1.0, 61, 1.0
61, 0.9965389966964722, 61, 0.9965389966964722
61, 0.9999685287475586, 61, 0.9999685287475586
61, 0.9465639591217041, 61, 0.9465639591217041
61, 0.9999985694885254, 61, 0.9999985694885254
61, 0.997934103012085, 61, 0.997934103012085
61, 0.959168553352356, 61, 0.959168553352356
61, 1.0, 61, 1.0
61, 0.9748499393463135, 61, 0.9748499393463135
61, 0.9999992847442627, 61, 0.9999992847442627
61, 0.9995242357254028, 61, 0.9995242357254028
61, 0.9999980926513672, 61, 0.9999980926513672
61, 0.9991076588630676, 61, 0.9991076588630676
61, 0.9995342493057251, 61, 0.9995342493057251
61, 0.999852180480957, 61, 0.999852180480957
61, 0.9887789487838745, 61, 0.9887789487838745
61, 0.9998087286949158, 61, 0.9998087286949158
61, 0.9999994039535522, 61, 0.9999994039535522
61, 0.9597761631011963, 61, 0.9597761631011963
61, 0.9999415874481201, 61, 0.9999415874481201
61, 0.9903164505958557, 61, 0.9903164505958557
61, 0.999996542930603, 61, 0.999996542930603
61, 0.9994972944259644, 61, 0.9994972944259644
61, 0.9998319149017334, 61, 0.9998319149017334
61, 0.99997878074646, 61, 0.99997878074646
61, 0.9999872446060181, 61, 0.9999872446060181
61, 1.0, 61, 1.0
61, 0.9979789853096008, 61, 0.9979789853096008
61, 0.9999837875366211, 61, 0.9999837875366211
61, 0.9997389912605286, 61, 0.9997389912605286
61, 0.999993085861206, 61, 0.999993085861206
61, 0.9999558925628662, 61, 0.9999558925628662
61, 0.9999275207519531, 61, 0.9999275207519531
61, 0.9999393224716187, 61, 0.9999393224716187
61, 0.999997615814209, 61, 0.999997615814209
61, 0.9966065883636475, 61, 0.9966065883636475
61, 0.9999998807907104, 61, 0.9999998807907104
61, 0.9999972581863403, 61, 0.9999972581863403
61, 0.9999804496765137, 61, 0.9999804496765137
61, 0.9999997615814209, 61, 0.9999997615814209
61, 0.9999730587005615, 61, 0.9999730587005615
61, 0.999936580657959, 61, 0.999936580657959
61, 1.0, 61, 1.0
61, 0.9999502897262573, 61, 0.9999502897262573
61, 0.9999843835830688, 61, 0.9999843835830688
61, 0.9864189028739929, 61, 0.9864189028739929
61, 0.9997807145118713, 61, 0.9997807145118713
61, 0.9218873381614685, 61, 0.9218873381614685
61, 0.2941867709159851, 58, 0.7044407725334167
61, 0.11461770534515381, 58, 0.8852308988571167
61, 0.0007061780779622495, 58, 0.9990445971488953
61, 0.157340869307518, 58, 0.8419350385665894
61, 0.9999990463256836, 61, 0.9999990463256836
61, 0.9999996423721313, 61, 0.9999996423721313
61, 0.9999988079071045, 61, 0.9999988079071045
61, 1.0, 61, 1.0
61, 0.9999998807907104, 61, 0.9999998807907104
61, 1.0, 61, 1.0
61, 1.0, 61, 1.0
62, 1.0, 62, 1.0
62, 1.0, 62, 1.0
62, 1.0, 62, 1.0
62, 0.999998927116394, 62, 0.999998927116394
62, 1.0, 62, 1.0
62, 0.9999992847442627, 62, 0.9999992847442627
62, 1.0, 62, 1.0
62, 0.9999973773956299, 62, 0.9999973773956299
62, 1.0, 62, 1.0
62, 0.9999973773956299, 62, 0.9999973773956299
62, 1.0, 62, 1.0
62, 1.0, 62, 1.0
62, 0.9999997615814209, 62, 0.9999997615814209
62, 0.9999994039535522, 62, 0.9999994039535522
62, 0.9999998807907104, 62, 0.9999998807907104
62, 0.9999997615814209, 62, 0.9999997615814209
62, 1.0, 62, 1.0
62, 0.9991291165351868, 62, 0.9991291165351868
62, 0.9999395608901978, 62, 0.9999395608901978
62, 0.8760325908660889, 62, 0.8760325908660889
62, 1.0, 62, 1.0
62, 0.9999226331710815, 62, 0.9999226331710815
62, 0.998399555683136, 62, 0.998399555683136
62, 0.999991774559021, 62, 0.999991774559021
62, 0.9999939203262329, 62, 0.9999939203262329
62, 1.0, 62, 1.0
62, 0.9999990463256836, 62, 0.9999990463256836
62, 0.9999914169311523, 62, 0.9999914169311523
62, 0.9999841451644897, 62, 0.9999841451644897
62, 0.9999998807907104, 62, 0.9999998807907104
62, 0.9999992847442627, 62, 0.9999992847442627
62, 0.9999998807907104, 62, 0.9999998807907104
62, 1.0, 62, 1.0
62, 0.9999927282333374, 62, 0.9999927282333374
62, 1.0, 62, 1.0
62, 1.0, 62, 1.0
62, 0.9999998807907104, 62, 0.9999998807907104
62, 1.0, 62, 1.0
62, 0.9999997615814209, 62, 0.9999997615814209
62, 1.0, 62, 1.0
62, 1.0, 62, 1.0
62, 1.0, 62, 1.0
62, 1.0, 62, 1.0
62, 0.9999997615814209, 62, 0.9999997615814209
62, 1.0, 62, 1.0
62, 0.9999998807907104, 62, 0.9999998807907104
62, 1.0, 62, 1.0
62, 0.9999972581863403, 62, 0.9999972581863403
62, 1.0, 62, 1.0
62, 1.0, 62, 1.0
62, 0.9999679327011108, 62, 0.9999679327011108
62, 1.0, 62, 1.0
62, 0.9999998807907104, 62, 0.9999998807907104
62, 0.9997945427894592, 62, 0.9997945427894592
62, 1.0, 62, 1.0
62, 1.0, 62, 1.0
62, 1.0, 62, 1.0
62, 1.0, 62, 1.0
62, 1.0, 62, 1.0
62, 1.0, 62, 1.0
62, 1.0, 62, 1.0
62, 1.0, 62, 1.0
62, 1.0, 62, 1.0
62, 1.0, 62, 1.0
62, 1.0, 62, 1.0
62, 1.0, 62, 1.0
62, 1.0, 62, 1.0
62, 1.0, 62, 1.0
62, 1.0, 62, 1.0
62, 1.0, 62, 1.0
62, 1.0, 62, 1.0
62, 1.0, 62, 1.0
62, 1.0, 62, 1.0
62, 1.0, 62, 1.0
62, 1.0, 62, 1.0
62, 0.8292497396469116, 62, 0.8292497396469116
62, 0.9999772310256958, 62, 0.9999772310256958
62, 0.9999974966049194, 62, 0.9999974966049194
62, 1.0, 62, 1.0
62, 0.9999997615814209, 62, 0.9999997615814209
62, 0.9999994039535522, 62, 0.9999994039535522
62, 1.0, 62, 1.0
62, 0.9999996423721313, 62, 0.9999996423721313
62, 1.0, 62, 1.0
62, 1.0, 62, 1.0
62, 1.0, 62, 1.0
62, 1.0, 62, 1.0
62, 1.0, 62, 1.0
62, 1.0, 62, 1.0
62, 0.9999912977218628, 62, 0.9999912977218628
62, 0.9999966621398926, 62, 0.9999966621398926
62, 0.9999995231628418, 62, 0.9999995231628418
62, 0.9999819993972778, 62, 0.9999819993972778
62, 0.9999911785125732, 62, 0.9999911785125732
62, 0.9999994039535522, 62, 0.9999994039535522
62, 0.9999829530715942, 62, 0.9999829530715942
62, 1.0, 62, 1.0
62, 1.0, 62, 1.0
62, 1.0, 62, 1.0
62, 0.9999946355819702, 62, 0.9999946355819702
62, 0.9999991655349731, 62, 0.9999991655349731
62, 1.0, 62, 1.0
62, 0.9999998807907104, 62, 0.9999998807907104
62, 0.9997782111167908, 62, 0.9997782111167908
62, 0.9999847412109375, 62, 0.9999847412109375
62, 0.9999268054962158, 62, 0.9999268054962158
62, 0.9999983310699463, 62, 0.9999983310699463
62, 0.937251627445221, 62, 0.937251627445221
62, 0.994239091873169, 62, 0.994239091873169
62, 0.99912029504776, 62, 0.99912029504776
62, 0.999991774559021, 62, 0.999991774559021
62, 0.9999998807907104, 62, 0.9999998807907104
62, 0.9999998807907104, 62, 0.9999998807907104
62, 0.9999792575836182, 62, 0.9999792575836182
62, 0.9999997615814209, 62, 0.9999997615814209
62, 0.9999833106994629, 62, 0.9999833106994629
62, 0.999996542930603, 62, 0.999996542930603
62, 1.0, 62, 1.0
62, 1.0, 62, 1.0
62, 1.0, 62, 1.0
62, 1.0, 62, 1.0
62, 1.0, 62, 1.0
62, 1.0, 62, 1.0
62, 1.0, 62, 1.0
62, 0.999998927116394, 62, 0.999998927116394
62, 1.0, 62, 1.0
62, 0.9999998807907104, 62, 0.9999998807907104
62, 1.0, 62, 1.0
62, 0.9999991655349731, 62, 0.9999991655349731
62, 1.0, 62, 1.0
62, 0.9999996423721313, 62, 0.9999996423721313
62, 0.9999831914901733, 62, 0.9999831914901733
62, 1.0, 62, 1.0
62, 1.0, 62, 1.0
62, 1.0, 62, 1.0
62, 1.0, 62, 1.0
62, 1.0, 62, 1.0
62, 1.0, 62, 1.0
62, 1.0, 62, 1.0
62, 0.9999136924743652, 62, 0.9999136924743652
62, 1.0, 62, 1.0
62, 0.9999867677688599, 62, 0.9999867677688599
62, 1.0, 62, 1.0
62, 1.0, 62, 1.0
62, 1.0, 62, 1.0
62, 1.0, 62, 1.0
62, 1.0, 62, 1.0
62, 1.0, 62, 1.0
62, 1.0, 62, 1.0
62, 0.9912106990814209, 62, 0.9912106990814209
62, 0.950310230255127, 62, 0.950310230255127
62, 0.00810184609144926, 77, 0.8588826656341553
62, 0.3056739866733551, 77, 0.601997971534729
62, 0.9999886751174927, 62, 0.9999886751174927
62, 0.9999974966049194, 62, 0.9999974966049194
62, 1.0, 62, 1.0
62, 0.9996176958084106, 62, 0.9996176958084106
62, 0.9999939203262329, 62, 0.9999939203262329
62, 0.9999881982803345, 62, 0.9999881982803345
62, 1.0, 62, 1.0
63, 0.9999903440475464, 63, 0.9999903440475464
63, 0.9999692440032959, 63, 0.9999692440032959
63, 0.9988118410110474, 63, 0.9988118410110474
63, 0.9993607401847839, 63, 0.9993607401847839
63, 0.01163419894874096, 61, 0.9728866219520569
63, 0.9444054961204529, 63, 0.9444054961204529
63, 0.21686279773712158, 61, 0.3749302923679352
63, 0.9720831513404846, 63, 0.9720831513404846
63, 0.9822266101837158, 63, 0.9822266101837158
63, 0.9990432858467102, 63, 0.9990432858467102
63, 0.9912191033363342, 63, 0.9912191033363342
63, 0.9993459582328796, 63, 0.9993459582328796
63, 0.8440204858779907, 63, 0.8440204858779907
63, 0.9895133376121521, 63, 0.9895133376121521
63, 0.13839004933834076, 66, 0.4584532082080841
63, 0.9630739092826843, 63, 0.9630739092826843
63, 0.9996084570884705, 63, 0.9996084570884705
63, 0.9949195981025696, 63, 0.9949195981025696
63, 0.9999998807907104, 63, 0.9999998807907104
63, 0.9654750227928162, 63, 0.9654750227928162
63, 0.9995778203010559, 63, 0.9995778203010559
63, 0.9995092153549194, 63, 0.9995092153549194
63, 1.0, 63, 1.0
63, 0.9999998807907104, 63, 0.9999998807907104
63, 1.0, 63, 1.0
63, 0.9999942779541016, 63, 0.9999942779541016
63, 0.9968119263648987, 63, 0.9968119263648987
63, 0.9995618462562561, 63, 0.9995618462562561
63, 1.0, 63, 1.0
63, 1.0, 63, 1.0
63, 1.0, 63, 1.0
63, 0.9999978542327881, 63, 0.9999978542327881
63, 0.9991196990013123, 63, 0.9991196990013123
63, 0.9978668093681335, 63, 0.9978668093681335
63, 0.9639303684234619, 63, 0.9639303684234619
63, 0.9999780654907227, 63, 0.9999780654907227
63, 1.0, 63, 1.0
63, 0.9999984502792358, 63, 0.9999984502792358
63, 0.9999998807907104, 63, 0.9999998807907104
63, 0.9999996423721313, 63, 0.9999996423721313
63, 0.9999569654464722, 63, 0.9999569654464722
63, 1.0, 63, 1.0
63, 0.9999938011169434, 63, 0.9999938011169434
63, 1.0, 63, 1.0
63, 0.9999719858169556, 63, 0.9999719858169556
63, 0.9999866485595703, 63, 0.9999866485595703
63, 0.9995554089546204, 63, 0.9995554089546204
63, 0.9996895790100098, 63, 0.9996895790100098
63, 0.9998853206634521, 63, 0.9998853206634521
63, 0.9999728202819824, 63, 0.9999728202819824
63, 0.9989707469940186, 63, 0.9989707469940186
63, 0.9974308609962463, 63, 0.9974308609962463
63, 0.9999986886978149, 63, 0.9999986886978149
63, 0.9999992847442627, 63, 0.9999992847442627
63, 0.9999959468841553, 63, 0.9999959468841553
63, 0.9999123811721802, 63, 0.9999123811721802
63, 0.9999551773071289, 63, 0.9999551773071289
63, 0.9984707236289978, 63, 0.9984707236289978
63, 0.9992244243621826, 63, 0.9992244243621826
63, 0.9982762336730957, 63, 0.9982762336730957
63, 0.999996542930603, 63, 0.999996542930603
63, 0.9999984502792358, 63, 0.9999984502792358
63, 0.9999954700469971, 63, 0.9999954700469971
63, 0.9999994039535522, 63, 0.9999994039535522
63, 0.9999997615814209, 63, 0.9999997615814209
63, 0.9999328851699829, 63, 0.9999328851699829
63, 0.9999381303787231, 63, 0.9999381303787231
63, 0.9935374855995178, 63, 0.9935374855995178
63, 0.9947125911712646, 63, 0.9947125911712646
63, 1.0, 63, 1.0
63, 1.0, 63, 1.0
63, 0.9962337613105774, 63, 0.9962337613105774
63, 0.9999982118606567, 63, 0.9999982118606567
63, 0.9995226860046387, 63, 0.9995226860046387
63, 0.9999048709869385, 63, 0.9999048709869385
63, 0.9987665414810181, 63, 0.9987665414810181
63, 1.0, 63, 1.0
63, 1.0, 63, 1.0
63, 0.9999932050704956, 63, 0.9999932050704956
63, 0.9999966621398926, 63, 0.9999966621398926
63, 0.9999992847442627, 63, 0.9999992847442627
63, 0.9978681802749634, 63, 0.9978681802749634
63, 0.999941349029541, 63, 0.999941349029541
63, 0.9969645142555237, 63, 0.9969645142555237
63, 0.9436610341072083, 63, 0.9436610341072083
63, 0.9855052828788757, 63, 0.9855052828788757
63, 0.9986624717712402, 63, 0.9986624717712402
63, 0.9987577199935913, 63, 0.9987577199935913
63, 0.999997615814209, 63, 0.999997615814209
63, 0.9999934434890747, 63, 0.9999934434890747
63, 0.9999960660934448, 63, 0.9999960660934448
63, 0.9999986886978149, 63, 0.9999986886978149
63, 0.9999980926513672, 63, 0.9999980926513672
63, 0.9997965693473816, 63, 0.9997965693473816
63, 0.9994186162948608, 63, 0.9994186162948608
63, 0.9997721314430237, 63, 0.9997721314430237
63, 0.999011754989624, 63, 0.999011754989624
63, 0.9906394481658936, 63, 0.9906394481658936
63, 0.7838269472122192, 63, 0.7838269472122192
63, 0.6015710234642029, 63, 0.6015710234642029
63, 0.9399130344390869, 63, 0.9399130344390869
63, 0.9998406171798706, 63, 0.9998406171798706
63, 0.9999222755432129, 63, 0.9999222755432129
63, 0.9999688863754272, 63, 0.9999688863754272
63, 0.9991371035575867, 63, 0.9991371035575867
64, 0.9989314675331116, 64, 0.9989314675331116
64, 1.0, 64, 1.0
64, 0.9999983310699463, 64, 0.9999983310699463
64, 1.0, 64, 1.0
64, 1.0, 64, 1.0
64, 1.0, 64, 1.0
64, 1.0, 64, 1.0
64, 0.9999998807907104, 64, 0.9999998807907104
64, 0.9999954700469971, 64, 0.9999954700469971
64, 1.0, 64, 1.0
64, 0.9998990297317505, 64, 0.9998990297317505
64, 0.9988124370574951, 64, 0.9988124370574951
64, 0.9999635219573975, 64, 0.9999635219573975
64, 0.9999943971633911, 64, 0.9999943971633911
64, 0.999632716178894, 64, 0.999632716178894
64, 0.98614501953125, 64, 0.98614501953125
64, 0.999303936958313, 64, 0.999303936958313
64, 0.9999998807907104, 64, 0.9999998807907104
64, 1.0, 64, 1.0
64, 0.9999978542327881, 64, 0.9999978542327881
64, 0.9991679191589355, 64, 0.9991679191589355
64, 1.0, 64, 1.0
64, 1.0, 64, 1.0
64, 1.0, 64, 1.0
64, 1.0, 64, 1.0
64, 1.0, 64, 1.0
64, 1.0, 64, 1.0
64, 1.0, 64, 1.0
64, 1.0, 64, 1.0
64, 1.0, 64, 1.0
64, 1.0, 64, 1.0
64, 1.0, 64, 1.0
64, 1.0, 64, 1.0
64, 1.0, 64, 1.0
64, 0.9997100234031677, 64, 0.9997100234031677
64, 0.9999997615814209, 64, 0.9999997615814209
64, 1.0, 64, 1.0
64, 0.9999892711639404, 64, 0.9999892711639404
64, 0.9998866319656372, 64, 0.9998866319656372
64, 1.0, 64, 1.0
64, 1.0, 64, 1.0
64, 1.0, 64, 1.0
64, 1.0, 64, 1.0
64, 1.0, 64, 1.0
64, 0.9999970197677612, 64, 0.9999970197677612
64, 0.9999997615814209, 64, 0.9999997615814209
64, 1.0, 64, 1.0
64, 0.9650505185127258, 64, 0.9650505185127258
64, 0.9999512434005737, 64, 0.9999512434005737
64, 0.9999997615814209, 64, 0.9999997615814209
64, 0.9999988079071045, 64, 0.9999988079071045
64, 1.0, 64, 1.0
64, 1.0, 64, 1.0
64, 1.0, 64, 1.0
64, 1.0, 64, 1.0
64, 1.0, 64, 1.0
64, 1.0, 64, 1.0
64, 1.0, 64, 1.0
64, 0.9999997615814209, 64, 0.9999997615814209
64, 1.0, 64, 1.0
64, 1.0, 64, 1.0
64, 0.9999021291732788, 64, 0.9999021291732788
64, 1.0, 64, 1.0
64, 1.0, 64, 1.0
64, 0.9999996423721313, 64, 0.9999996423721313
64, 0.9992133378982544, 64, 0.9992133378982544
64, 0.9999638795852661, 64, 0.9999638795852661
64, 0.9997453093528748, 64, 0.9997453093528748
64, 0.9648836851119995, 64, 0.9648836851119995
64, 0.9991884827613831, 64, 0.9991884827613831
64, 0.9999825954437256, 64, 0.9999825954437256
64, 0.9987051486968994, 64, 0.9987051486968994
64, 1.0, 64, 1.0
64, 1.0, 64, 1.0
64, 1.0, 64, 1.0
64, 1.0, 64, 1.0
64, 0.9999613761901855, 64, 0.9999613761901855
64, 0.9999994039535522, 64, 0.9999994039535522
64, 0.9980337023735046, 64, 0.9980337023735046
64, 0.9999994039535522, 64, 0.9999994039535522
64, 1.0, 64, 1.0
64, 1.0, 64, 1.0
64, 1.0, 64, 1.0
64, 1.0, 64, 1.0
64, 1.0, 64, 1.0
64, 0.9999854564666748, 64, 0.9999854564666748
64, 0.9999996423721313, 64, 0.9999996423721313
64, 1.0, 64, 1.0
64, 1.0, 64, 1.0
64, 1.0, 64, 1.0
64, 1.0, 64, 1.0
64, 0.16151221096515656, 62, 0.8380008339881897
64, 1.0, 64, 1.0
64, 0.9999998807907104, 64, 0.9999998807907104
64, 0.9999971389770508, 64, 0.9999971389770508
64, 1.0, 64, 1.0
64, 1.0, 64, 1.0
64, 1.0, 64, 1.0
64, 0.999998927116394, 64, 0.999998927116394
64, 1.0, 64, 1.0
64, 1.0, 64, 1.0
64, 1.0, 64, 1.0
64, 1.0, 64, 1.0
64, 1.0, 64, 1.0
64, 1.0, 64, 1.0
64, 0.9995763897895813, 64, 0.9995763897895813
64, 0.9998807907104492, 64, 0.9998807907104492
64, 0.9999891519546509, 64, 0.9999891519546509
64, 0.9999997615814209, 64, 0.9999997615814209
64, 1.0, 64, 1.0
64, 0.9966762065887451, 64, 0.9966762065887451
64, 0.9968730807304382, 64, 0.9968730807304382
64, 1.0, 64, 1.0
64, 0.9999892711639404, 64, 0.9999892711639404
64, 0.9999974966049194, 64, 0.9999974966049194
64, 1.0, 64, 1.0
64, 1.0, 64, 1.0
64, 1.0, 64, 1.0
64, 1.0, 64, 1.0
64, 1.0, 64, 1.0
64, 1.0, 64, 1.0
64, 1.0, 64, 1.0
64, 1.0, 64, 1.0
64, 1.0, 64, 1.0
64, 1.0, 64, 1.0
64, 1.0, 64, 1.0
64, 1.0, 64, 1.0
64, 1.0, 64, 1.0
64, 1.0, 64, 1.0
64, 1.0, 64, 1.0
64, 1.0, 64, 1.0
64, 1.0, 64, 1.0
64, 1.0, 64, 1.0
64, 1.0, 64, 1.0
64, 1.0, 64, 1.0
64, 1.0, 64, 1.0
64, 1.0, 64, 1.0
64, 1.0, 64, 1.0
64, 1.0, 64, 1.0
64, 1.0, 64, 1.0
64, 1.0, 64, 1.0
64, 1.0, 64, 1.0
64, 1.0, 64, 1.0
64, 1.0, 64, 1.0
64, 1.0, 64, 1.0
64, 1.0, 64, 1.0
64, 1.0, 64, 1.0
64, 1.0, 64, 1.0
64, 1.0, 64, 1.0
64, 0.9996976852416992, 64, 0.9996976852416992
64, 0.9999995231628418, 64, 0.9999995231628418
64, 0.9999971389770508, 64, 0.9999971389770508
64, 0.9999455213546753, 64, 0.9999455213546753
64, 0.9999872446060181, 64, 0.9999872446060181
64, 0.9990671277046204, 64, 0.9990671277046204
64, 0.989348292350769, 64, 0.989348292350769
64, 0.9998838901519775, 64, 0.9998838901519775
65, 1.0, 65, 1.0
65, 1.0, 65, 1.0
65, 1.0, 65, 1.0
65, 0.9999991655349731, 65, 0.9999991655349731
65, 0.9974278807640076, 65, 0.9974278807640076
65, 0.9999909400939941, 65, 0.9999909400939941
65, 0.9998819828033447, 65, 0.9998819828033447
65, 0.9999020099639893, 65, 0.9999020099639893
65, 0.9999997615814209, 65, 0.9999997615814209
65, 0.9999942779541016, 65, 0.9999942779541016
65, 0.9999935626983643, 65, 0.9999935626983643
65, 1.0, 65, 1.0
65, 0.9999974966049194, 65, 0.9999974966049194
65, 1.0, 65, 1.0
65, 1.0, 65, 1.0
65, 0.9999998807907104, 65, 0.9999998807907104
65, 1.0, 65, 1.0
65, 0.9999994039535522, 65, 0.9999994039535522
65, 0.9999996423721313, 65, 0.9999996423721313
65, 0.9999712705612183, 65, 0.9999712705612183
65, 0.9996687173843384, 65, 0.9996687173843384
65, 1.0, 65, 1.0
65, 1.0, 65, 1.0
65, 0.9998161196708679, 65, 0.9998161196708679
65, 0.9996241331100464, 65, 0.9996241331100464
65, 0.999998927116394, 65, 0.999998927116394
65, 0.99951171875, 65, 0.99951171875
65, 0.999991774559021, 65, 0.999991774559021
65, 1.0, 65, 1.0
65, 1.0, 65, 1.0
65, 0.9999998807907104, 65, 0.9999998807907104
65, 1.0, 65, 1.0
65, 1.0, 65, 1.0
65, 1.0, 65, 1.0
65, 1.0, 65, 1.0
65, 1.0, 65, 1.0
65, 1.0, 65, 1.0
65, 1.0, 65, 1.0
65, 1.0, 65, 1.0
65, 1.0, 65, 1.0
65, 0.9999936819076538, 65, 0.9999936819076538
65, 1.0, 65, 1.0
65, 0.9996646642684937, 65, 0.9996646642684937
65, 0.9999994039535522, 65, 0.9999994039535522
65, 0.9999997615814209, 65, 0.9999997615814209
65, 1.0, 65, 1.0
65, 0.9999972581863403, 65, 0.9999972581863403
65, 1.0, 65, 1.0
65, 1.0, 65, 1.0
65, 1.0, 65, 1.0
65, 0.999998927116394, 65, 0.999998927116394
65, 1.0, 65, 1.0
65, 0.9999998807907104, 65, 0.9999998807907104
65, 1.0, 65, 1.0
65, 1.0, 65, 1.0
65, 0.9999904632568359, 65, 0.9999904632568359
65, 1.0, 65, 1.0
65, 1.0, 65, 1.0
65, 0.9996676445007324, 65, 0.9996676445007324
65, 0.9999949932098389, 65, 0.9999949932098389
65, 0.9999984502792358, 65, 0.9999984502792358
65, 0.9999951124191284, 65, 0.9999951124191284
65, 0.9999791383743286, 65, 0.9999791383743286
65, 0.9999998807907104, 65, 0.9999998807907104
65, 1.0, 65, 1.0
65, 0.9999983310699463, 65, 0.9999983310699463
65, 1.0, 65, 1.0
65, 0.999981164932251, 65, 0.999981164932251
65, 0.9997076392173767, 65, 0.9997076392173767
65, 0.9999644756317139, 65, 0.9999644756317139
65, 0.9999997615814209, 65, 0.9999997615814209
65, 0.9999995231628418, 65, 0.9999995231628418
65, 0.9999995231628418, 65, 0.9999995231628418
65, 1.0, 65, 1.0
65, 1.0, 65, 1.0
65, 1.0, 65, 1.0
65, 0.9999997615814209, 65, 0.9999997615814209
65, 0.9998195767402649, 65, 0.9998195767402649
65, 1.0, 65, 1.0
65, 1.0, 65, 1.0
65, 1.0, 65, 1.0
65, 1.0, 65, 1.0
65, 0.9946607947349548, 65, 0.9946607947349548
65, 0.9998716115951538, 65, 0.9998716115951538
65, 0.9999994039535522, 65, 0.9999994039535522
65, 0.9999939203262329, 65, 0.9999939203262329
65, 1.0, 65, 1.0
65, 0.9999998807907104, 65, 0.9999998807907104
65, 1.0, 65, 1.0
65, 1.0, 65, 1.0
65, 0.9999998807907104, 65, 0.9999998807907104
65, 0.9999879598617554, 65, 0.9999879598617554
65, 0.9999394416809082, 65, 0.9999394416809082
65, 1.0, 65, 1.0
65, 1.0, 65, 1.0
65, 1.0, 65, 1.0
65, 1.0, 65, 1.0
65, 1.0, 65, 1.0
65, 0.9745802879333496, 65, 0.9745802879333496
65, 1.0, 65, 1.0
65, 1.0, 65, 1.0
65, 0.9999998807907104, 65, 0.9999998807907104
65, 0.9996668100357056, 65, 0.9996668100357056
65, 0.9904012084007263, 65, 0.9904012084007263
65, 0.9979738593101501, 65, 0.9979738593101501
65, 0.9999657869338989, 65, 0.9999657869338989
65, 0.9999998807907104, 65, 0.9999998807907104
65, 0.9999978542327881, 65, 0.9999978542327881
65, 0.999784529209137, 65, 0.999784529209137
65, 0.9999986886978149, 65, 0.9999986886978149
65, 0.9999951124191284, 65, 0.9999951124191284
66, 1.0, 66, 1.0
66, 1.0, 66, 1.0
66, 1.0, 66, 1.0
66, 1.0, 66, 1.0
66, 0.9999580383300781, 66, 0.9999580383300781
66, 0.999988317489624, 66, 0.999988317489624
66, 0.9999812841415405, 66, 0.9999812841415405
66, 0.01725848764181137, 100, 0.38533541560173035
66, 1.0, 66, 1.0
66, 1.0, 66, 1.0
66, 1.0, 66, 1.0
66, 1.0, 66, 1.0
66, 0.9999910593032837, 66, 0.9999910593032837
66, 1.0, 66, 1.0
66, 1.0, 66, 1.0
66, 0.9922067523002625, 66, 0.9922067523002625
66, 0.9960532188415527, 66, 0.9960532188415527
66, 0.9999853372573853, 66, 0.9999853372573853
66, 0.9999902248382568, 66, 0.9999902248382568
66, 0.9949839115142822, 66, 0.9949839115142822
66, 1.0, 66, 1.0
66, 1.0, 66, 1.0
66, 0.9999721050262451, 66, 0.9999721050262451
66, 0.9999992847442627, 66, 0.9999992847442627
66, 1.0, 66, 1.0
66, 0.9999991655349731, 66, 0.9999991655349731
66, 0.9999909400939941, 66, 0.9999909400939941
66, 0.9995555281639099, 66, 0.9995555281639099
66, 0.9999407529830933, 66, 0.9999407529830933
66, 0.999699592590332, 66, 0.999699592590332
66, 0.9999884366989136, 66, 0.9999884366989136
66, 0.999991774559021, 66, 0.999991774559021
66, 0.9999998807907104, 66, 0.9999998807907104
66, 1.0, 66, 1.0
66, 0.9999719858169556, 66, 0.9999719858169556
66, 0.9999966621398926, 66, 0.9999966621398926
66, 0.9991415739059448, 66, 0.9991415739059448
66, 0.9995399713516235, 66, 0.9995399713516235
66, 0.9998400211334229, 66, 0.9998400211334229
66, 0.9997085928916931, 66, 0.9997085928916931
66, 0.9999898672103882, 66, 0.9999898672103882
66, 0.9999926090240479, 66, 0.9999926090240479
66, 0.9999988079071045, 66, 0.9999988079071045
66, 0.9999572038650513, 66, 0.9999572038650513
66, 0.9967170357704163, 66, 0.9967170357704163
66, 0.9984691739082336, 66, 0.9984691739082336
66, 0.9999963045120239, 66, 0.9999963045120239
66, 0.9999749660491943, 66, 0.9999749660491943
66, 0.9999947547912598, 66, 0.9999947547912598
66, 1.0, 66, 1.0
66, 0.9998745918273926, 66, 0.9998745918273926
66, 0.9999895095825195, 66, 0.9999895095825195
66, 1.0, 66, 1.0
66, 0.9999995231628418, 66, 0.9999995231628418
66, 1.0, 66, 1.0
66, 0.9999992847442627, 66, 0.9999992847442627
66, 0.9999936819076538, 66, 0.9999936819076538
66, 0.9999775886535645, 66, 0.9999775886535645
66, 0.9994569420814514, 66, 0.9994569420814514
66, 0.9982959628105164, 66, 0.9982959628105164
66, 0.9999942779541016, 66, 0.9999942779541016
66, 0.9999957084655762, 66, 0.9999957084655762
66, 0.9999011754989624, 66, 0.9999011754989624
66, 0.9999985694885254, 66, 0.9999985694885254
66, 0.9999957084655762, 66, 0.9999957084655762
66, 0.10992458462715149, 61, 0.536479651927948
66, 0.5749256610870361, 66, 0.5749256610870361
66, 0.5962287187576294, 66, 0.5962287187576294
66, 1.0, 66, 1.0
66, 1.0, 66, 1.0
66, 1.0, 66, 1.0
66, 1.0, 66, 1.0
66, 0.9999544620513916, 66, 0.9999544620513916
66, 0.9998936653137207, 66, 0.9998936653137207
66, 0.9995049238204956, 66, 0.9995049238204956
66, 1.0, 66, 1.0
66, 0.999763548374176, 66, 0.999763548374176
66, 0.9857429265975952, 66, 0.9857429265975952
66, 0.9661209583282471, 66, 0.9661209583282471
66, 1.0, 66, 1.0
66, 0.9873610734939575, 66, 0.9873610734939575
66, 0.9946911931037903, 66, 0.9946911931037903
66, 0.9998452663421631, 66, 0.9998452663421631
66, 0.9999998807907104, 66, 0.9999998807907104
66, 0.9999977350234985, 66, 0.9999977350234985
66, 1.0, 66, 1.0
66, 1.0, 66, 1.0
66, 0.9999998807907104, 66, 0.9999998807907104
66, 1.0, 66, 1.0
66, 0.9999990463256836, 66, 0.9999990463256836
66, 0.9999966621398926, 66, 0.9999966621398926
66, 0.9999998807907104, 66, 0.9999998807907104
66, 0.5782908201217651, 66, 0.5782908201217651
66, 0.28205567598342896, 33, 0.4008309245109558
66, 0.8617819547653198, 66, 0.8617819547653198
66, 0.9899412989616394, 66, 0.9899412989616394
66, 0.9996933937072754, 66, 0.9996933937072754
66, 0.9998075366020203, 66, 0.9998075366020203
66, 0.9999998807907104, 66, 0.9999998807907104
66, 0.9999948740005493, 66, 0.9999948740005493
67, 0.4101264476776123, 67, 0.4101264476776123
67, 0.008829779922962189, 18, 0.9826907515525818
67, 0.4179334044456482, 67, 0.4179334044456482
67, 0.9320775270462036, 67, 0.9320775270462036
67, 0.6348387002944946, 67, 0.6348387002944946
67, 0.9623934030532837, 67, 0.9623934030532837
67, 0.3642956614494324, 39, 0.49379342794418335
67, 0.35060036182403564, 39, 0.5912843346595764
67, 0.21381056308746338, 39, 0.23159480094909668
67, 0.500895082950592, 67, 0.500895082950592
67, 0.7036923766136169, 67, 0.7036923766136169
67, 0.9902852177619934, 67, 0.9902852177619934
67, 0.9976693987846375, 67, 0.9976693987846375
67, 0.7532327175140381, 67, 0.7532327175140381
67, 0.9999154806137085, 67, 0.9999154806137085
67, 0.9998972415924072, 67, 0.9998972415924072
67, 0.9998630285263062, 67, 0.9998630285263062
67, 0.9976353645324707, 67, 0.9976353645324707
67, 0.9999721050262451, 67, 0.9999721050262451
67, 0.9999860525131226, 67, 0.9999860525131226
67, 0.9936263561248779, 67, 0.9936263561248779
67, 0.9999997615814209, 67, 0.9999997615814209
67, 0.9979360103607178, 67, 0.9979360103607178
67, 0.9933627843856812, 67, 0.9933627843856812
67, 0.9980127811431885, 67, 0.9980127811431885
67, 0.9995206594467163, 67, 0.9995206594467163
67, 0.997560977935791, 67, 0.997560977935791
67, 0.9999910593032837, 67, 0.9999910593032837
67, 0.9999936819076538, 67, 0.9999936819076538
67, 0.9997959733009338, 67, 0.9997959733009338
67, 0.999988317489624, 67, 0.999988317489624
67, 0.999685525894165, 67, 0.999685525894165
67, 0.9975178241729736, 67, 0.9975178241729736
67, 0.9996166229248047, 67, 0.9996166229248047
67, 0.07351111620664597, 50, 0.5543771386146545
67, 0.9999035596847534, 67, 0.9999035596847534
67, 0.9997779726982117, 67, 0.9997779726982117
67, 0.9991040825843811, 67, 0.9991040825843811
67, 0.9905080795288086, 67, 0.9905080795288086
67, 0.9357801079750061, 67, 0.9357801079750061
